111100000000000000000000000000000000000000000000000000000000000000011111111111111111111110000000011111111111000000000000000000111111111111000000000000000000000000000000000000000000000000000000000000000000111111
111000000000000000000000000000000000000000000000000000000000000000011111111111111111111110000000011111111111000000000000000000111111111111000000000000000000000000000000000000000000000000000000000000000000111111
110000000000000000000000000000000000000000000000000000000000000000000111111111111111111110000000011111111111000000000000000000111111111111000000000000000000000000000000000000000000000000000000000000000000111111
110000000000000000000000000000000000000000000000000000000000000000000111111111111111111110000000011111111111000000000000000000111111111111000000000000000000000000000000000000000000000000000000000000000000111111
110000000000000000000000000000000000000000000000000000000000000000000111111111111111111110000000011111111111000000000000000000111111111111000000000000000000000000000000000000000000000000000000000000000000111111
110000000000000000000000000000000000000000000000000000000000000000000111111111111111111110000000011111111111000000000000000000111111111111000000000000000000000000000000000000000000000000000000000000000000111111
110000000000000000000000000000000000000000000000000000000000000000000111111111111111111110000000001111111111000000000000000000111111111111000000000000000000000000000000000000000000000000000000000000000000111111
110000000000000000000000000000000000000000000000000000000000000000000111111111111111111100000000001111111111000000000000000000111111111111000000000000000000000000000000000000000000000000000000000000000000111111
110000000000000000000000000000000000000000000000000000000000000000000111111111111111111000000000001111111111000000000000000000111111111111000000000000000000000000000000000000000000000000000000000000000000111111
110000000000000011111111111111111111111111111111111111111000000000000111111111111000000000000000011111111111000000000011111111111111111111000000000011111111111111111111111111111111111111111111110000000000111111
110000000000000111111111111111111111111111111111111111111100000000000111111111110000000000000000011111111111000000000111111111111111111111000000000111111111111111111111111111111111111111111111111000000000111111
110000000000111111111111111111111111111111111111111111111110000000000111111111100000000000000000011111111111000000000111111111111111111111000000000111111111111111111111111111111111111111111111111000000000111111
110000000001111111111111111111111111111111111111111111111110000000000111111111000000000000000000011111111111000000000111111111111111111111000000000111111111111111111111111111111111111111111111111000000000111111
110000000001111111111111111111111111111111111111111111111110000000000111111111000000000000000000011111111111000000000111111111111111111111000000011111111111111111111111111111111111111111111111111000000000111111
110000000001111111111111111111111111111111111111111111111110000000000111111111000000000000000000011111111111000000000111111111111111111110000000011111111111111111111111111111111111111111111111111000000000111111
110000000001111111111111111111111111111111111111111111111110000000000111111111000000000000000000011111111111000000000111111111111111111100000000011111111111111111111111111111111111111111111111111000000000111111
110000000001111111111111111111111111111111111111111111111110000000000111111111000000000000000000011111111111000000000111111111111111111100000000011111111111111111111111111111111111111111111111111000000000111111
110000000001111111111111111111111111111111111111111111111110000000000111111111000000000000000000011111111111000000000111111111111111111100000000011111111111111111111111111111111111111111111111111000000000111111
110000000001111111111111111111111111111111111111111111111110000000000111111111000000000000000000011111111111000000000111111111111111111100000000011111111111111111111111111111111111111111111111111000000000111111
110000000001111111111111111111111111100111111111111111111110000000000111111111000000000000000000011111111111111111111000000011111111111100000000011111111111110000000000000000000000001111111111111000000000111111
110000000001111111111111111111111111100111111111111111111110000000000111111111000000000000000000011111111111111111111000000001111111111100000000011111111111100000000000000000000000000111111111111000000000111111
110000000001111111111000000000000000000000000000111111111110000000000111111111000000000000000000011111111111111111111000000000111111111100000000011111111111000000000000000000000000000011111111111000000000111111
110000000001111111110000000000000000000000000000011111111110000000000111111111000000000000000000011111111111111111111000000000111111111100000000011111111111000000000000000000000000000011111111111000000000111111
110000000001111111110000000000000000000000000000001111111110000000000111111111000000000000000000011111111111111111111000000000111111111100000000011111111111000000000000000000000000000011111111111000000000111111
110000000001111111110000000000000000000000000000001111111110000000000111111111000000000000000000011111111111111111111000000000111111111100000000011111111111000000000000000000000000000011111111111000000000111111
110000000001111111110000000000000000000000000000001111111110000000000111111111000000000000000000011111111111111111111000000000111111111100000000011111111111000000000000000000000000000011111111111000000000111111
110000000001111111110000000000000000000000000000011111111110000000000111111111000000000000000000011111111111111111111000000000111111111100000000011111111111000000000000000000000000000011111111111000000000111111
110000000001111111110000000000000000000000000000111111111110000000000111111111000000000000000000011111111111111111111000000000111111111100000000011111111111000000000000000000000000000011111111111000000000111111
110000000001111111110000000000000000000000000000111111111110000000000111111111100000000000000000011111111111111111111000000001111111111100000000011111111111000000000000000000000000000011111111111000000000111111
110000000001111111110000000000000000000000000000111111111110000000000111111111110000000000000000011111111111111111111000000011111111111100000000011111111111000000000000000000000000000011111111111000000000111111
110000000001111111110000000000000000000000000000001111111110000000000111111111111111111000000000011111111111000000000111111111111111111100000000011111111111000000000000000000000000000011111111111000000000111111
110000000001111111110000000000000000000000000000001111111110000000000111111111111111111000000000011111111111000000000111111111111111111100000000011111111111000000000000000000000000000011111111111000000000111111
110000000001111111110000000000000000000000000000001111111110000000000111111111111111111000000000011111111111000000000111111111111111111100000000011111111111000000000000000000000000000011111111111000000000111111
110000000001111111110000000000000000000000000000001111111110000000000111111111111111111000000000011111111111000000000111111111111111111100000000011111111111000000000000000000000000000011111111111000000000111111
110000000001111111110000000000000000000000000000011111111110000000000111111111111111111000000000011111111111000000000111111111111111111100000000011111111111000000000000000000000000000011111111111000000000111111
110000000001111111110000000000000000000000000000111111111110000000000111111111111111111000000000011111111111000000000111111111111111111100000000011111111111000000000000000000000000000011111111111000000000111111
110000000001111111110000000000000000000000000000111111111110000000000111111111111111111000000000011111111111000000000111111111111111111100000000011111111111000000000000000000000000000011111111111000000000111111
110000000001111111110000000000000000000000000000111111111110000000000111111111111111111000000000011111111111000000000111111111111111111100000000011111111111000000000000000000000000000011111111111000000000111111
110000000001111111110000000000000000000000000000111111111100000000000111111111111111111000000000011111111111000000000111111111111111111100000000011111111111000000000000000000000000000011111111111000000000111111
110000000001111111110000000000000000000000000000111111111100000000000111111111111111111000000000111111111111000000000111111111111111111100000000011111111111000000000000000000000000000011111111111000000000111111
110000000001111111110000000000000000000000000000111111111100000000000111111111000000000111111111111111111111111111111000000000111111111100000000011111111111000000000000000000000000000011111111111000000000111111
110000000001111111110000000000000000000000000000111111111100000000000111111111000000000111111111111111111111111111111000000000111111111100000000011111111111000000000000000000000000000011111111111000000000111111
110000000001111111110000000000000000000000000000111111111100000000000111111111000000000111111111111111111111111111111000000000111111111100000000011111111111000000000000000000000000000011111111111000000000111111
100000000001111111110000000000000000000000000000111111111100000000000111111111000000000111111111111111111111111111111000000000111111111100000000011111111110000000000000000000000000000011111111111000000000111111
000000000001111111110000000000000000000000000000111111111100000000000111111111000000000111111111111111111111111111111000000000111111111100000000011111111100000000000000000000000000000011111111111000000000111111
000000000001111111110000000000000000000000000000111111111100000000000111111111000000000111111111111111111111111111111000000000111111111100000000011111111110000000000000000000000000000011111111111000000000111111
000000000001111111110000000000000000000000000000111111111100000000000111111111000000000111111111111111111111111111111000000000111111111100000000011111111111000000000000000000000000000011111111111000000000111111
000000000001111111110000000000000000000000000000111111111100000000000111111111000000000111111111111111111111111111110000000000111111111100000000011111111111000000000000000000000000000011111111111000000000111111
000000000001111111111000000000000000000000000000111111111100000000000111111111000000000111111111111111111111111111100000000000111111111100000000011111111111000000000000000000000000000011111111111000000000111111
000000000001111111111111111111111111111111111111111111111100000000000111111111000000000111111111111111111111000000000000000000111111111100000000011111111111111111111111111111111111111111111111111000000000111111
000000000001111111111111111111111111111111111111111111111100000000000111111111000000000111111111111111111111000000000000000000111111111100000000011111111111111111111111111111111111111111111111111000000000111111
000000000001111111111111111111111111111111111111111111111100000000000111111111000000000111111111111111111100000000000000000000111111111100000000011111111111111111111111111111111111111111111111111000000000111111
000000000001111111111111111111111111111111111111111111111100000000000111111111000000000111111111111111111100000000000000000000111111111100000000011111111111111111111111111111111111111111111111111000000000111111
000000000001111111111111111111111111111111111111111111111100000000000111111111000000000111111111111111111100000000000000000000111111111100000000011111111111111111111111111111111111111111111111111000000000111111
000000000001111111111111111111111111111111111111111111111100000000000111111111000000000111111111111111111100000000000000000000111111111100000000011111111111111111111111111111111111111111111111111000000000111111
000000000111111111111111111111111111111111111111111111111100000000000111111111000000000111111111111111111100000000000000000000111111111100000000011111111111111111111111111111111111111111111111111000000000111111
000000000011111111111111111111111111111111111111111111111100000000000111111111000000000111111111111111111100000000000000000000111111111100000000011111111111111111111111111111111111111111111111111000000000111111
000000000001111111111111111111111111111111111111111111111100000000000111111111000000000111111111111111111100000000000000000000111111111100000000011111111111111111111111111111111111111111111111100000000000111111
000000000000111111111111111111111111111111111111111111111000000000000111111111000000000111111111111111111000000000000000000000111111111100000000001111111111111111111111111111111111111111111111100000000000111111
000000000000000000000000000000000000000000000000000000000000000000000111111111000000000111111111111000000000111000000000000000111111111100000000000000000000000000000000000000000000000000000000000000000000111111
000000000000000000000000000000000000000000000000000000000000000000001111111110000000000111111111110000000001111100000000000000111111111100000000000000000000000000000000000000000000000000000000000000000000111111
000000000000000000000000000000000000000000000000000000000000000000011111111100000000000111111111100000000011111111100000000000111111111100000000000000000000000000000000000000000000000000000000000000000000111111
000000000000000000000000000000000000000000000000000000000000000000011111111100000000000111111111100000000001111111100000000000111111111100000000000000000000000000000000000000000000000000000000000000000000111111
000000000000000000000000000000000000000000000000000000000000000000011111111100000000000111111111100000000000111111100000000000111111111100000000000000000000000000000000000000000000000000000000000000000000111111
000000000000000000000000000000000000000000000000000000000000000000001111111110000000000111111111100000000001111111100000000000111111111100000000000000000000000000000000000000000000000000000000000000000000111111
000000000000000000000000000000000000000000000000000000000000000000000111111111000000000111111111100000000011111111100000000000111111111100000000000000000000000000000000000000000000000000000000000000000000111111
000000000000000000000000000000000000000000000000000000000000000000011111111110000000000111111111100000000011111111100000000000111111111100000000000000000000000000000000000000000000000000000000000000000000111111
000000000000000000000000000000000000000000000000000000000000000000011111111100000000000011111111000000000011111111100000000000111111111100000000000000000000000000000000000000000000000000000000000000000000111111
100000000000000000000000000000000000000000000000000000000000000001111111111100000000000001111110000000000000011111000000000000111111111100000000000000000000000000000000000000000000000000000000000000000001111111
110000000000000000000000000000000000000000000000000000000000000001111111111100000000000001111100000000000000001110000000000000111111111100000000000000000000000000000000000000000000000000000000000000000011111111
111111111111111111111111111111111111111111111111111111111111111111111111111100000000000000000000000000000000000000000000000000111111111111111111111111111111111111111111111111111111111111111111111111111111111111
111111111111111111111111111111111111111111111111111111111111111111111111111100000000000000000000000000000000000000000000000000111111111111111111111111111111111111111111111111111111111111111111111111111111111111
111111111111111111111111111111111111111111111111111111111111111111111111111100000000000000000000000000000000000000000000000000111111111111111111111111111111111111111111111111111111111111111111111111111111111111
111111111111111111111111111111111111111111111111111111111111111111111111111100000000000000000000000000000000000000000000000000111111111111111111111111111111111111111111111111111111111111111111111111111111111111
111111111111111111111111111111111111111111111111111111111111111111111111111100000000000000000000000000000000000000000000000000111111111111111111111111111111111111111111111111111111111111111111111111111111111111
111111111111111111111111111111111111111111111111111111111111111111111111111100000000000000000000000000000000000000000000000000111111111111111111111111111111111111111111111111111111111111111111111111111111111111
111111111111111111111111111111111111111111111111111111111111111111111111111100000000000000000000000000000000000000000000000000111111111111111111111111111111111111111111111111111111111111111111111111111111111111
111111111111111111111111111111111111111111111111111111111111111111111111111100000000000000000000000000000000000000000000000000111111111111111111111111111111111111111111111111111111111111111111111111111111111111
111111000111111111111111111111111111111111111111111111111111111111111111111100000000000000000000000000000000000000000000000001111111111111111111111111111111111111111111111111111111111111111111111111111111111111
000000000000000000111111111111100000001111111111111111111100000000000000000000011111100000000000000000000000011111111111111111111111111110000000000000000000000000011111111111110000000000000000111111111111111111
000000000000000000011111111111000000000111111111111111111100000000000000000000111111110000000000000000000000111111111111111111111111111100000000000000000000000000001111111111100000000000000000011111111111111111
000000000000000000011111111110000000000111111111111111111100000000000000000001111111111000000000000000000001111111111111111111111111111100000000000000000000000000000111111111100000000000000000011111111111111111
000000000000000000011111111100000000000111111111111111111100000000000000000011111111111000000000000000000011111111111111111111111111111100000000000000000000000000000111111111100000000000000000011111111111111111
000000000000000000011111111100000000000111111111111111111100000000000000000011111111111000000000000000000011111111111111111111111111111100000000000000000000000000000111111111100000000000000000011111111111111111
000000000000000000011111111100000000000111111111111111111100000000000000000011111111111000000000000000000011111111111111111111111111111100000000000000000000000000000111111111100000000000000000011111111111111111
000000000000000000011111111100000000000111111111111111111100000000000000000011111111110000000000000000000011111111111111111111111111111100000000000000000000000000000111111111100000000000000000011111111111111111
000000000000000000011111111100000000000111111111111111111100000000000000000011111111100000000000000000000011111111111111111111111111111100000000000000000000000000000111111111100000000000000000001111111111111111
000000000000000000011111111110000000011111111111111111111100000000000000000000111111100000000000000000000001111111111111111111111111111100000000000000000000000000001111111111100000000000000000000111111111111111
000000000000000000111111111111000000011111111111111111111100000000000000000000111111100000000000000000000000111111111111111111111111111100000000000000000000000000011111111111100000000000000000000111111111111111
000000000011111111111111111111111111111111111111111111111111111111111111111100000000000011111110000000000000000000011111111111111111111111111111111111111111111111111111111111111111110000000000000000000011111111
000000000111111111111111111111111111111111111111111111111111111111111111111100000000000111111110000000000000000000011111111111111111111111111111111111111111111111111111111111111111111000000000000000000001111111
000000000111111111111111111111111111111111111111111111111111111111111111111100000000000111111111000000000000000000011111111111111111111111111111111111111111111111111111111111111111111100000000000000000000111111
000000000111111111111111111111111111111111111111111111111111111111111111111100000000000111111111100000000000000000011111111111111111111111111111111111111111111111111111111111111111111100000000000000000000111111
000000000111111111111111111111111111111111111111111111111111111111111111111100000000000111111111100000000000000000011111111111111111111111111111111111111111111111111111111111111111111100000000000000000000111111
000000000111111111111111111111111111111111111111111111111111111111111111111100000000000111111111100000000000000000011111111111111111111111111111111111111111111111111111111111111111111100000000000000000000111111
000000000111111111111111111111111111111111111111111111111111111111111111111100000000000111111111100000000000000000011111111111111111111111111111111111111111111111111111111111111111111100000000000000000000111111
000000000111111111111111111111111111111111111111111111111111111111111111111100000000000111111111000000000000000000001111111111111111111111111111111111111111111111111111111111111111111100000000000000000000111111
000000000111111111111111111111111111111111111111111111111111111111111111111100000000000111111110000000000000000000000111111111111111111111111111111111111111111111111111111111111111111100000000000000000000111111
111111100000000000000000000000000000000000000011111111111100000000111111111111100000000000000000000000000000000000000000000011111111111111111111111100001111111111111100000000000000011100000000000000000000111111
111111100000000000000000000000000000000000000001111111111100000000011111111111110000000000000000000000000000000000000000000001111111111111111111111000001111111111111000000000000000001100000000000000000000111111
111111100000000000000000000000000000000000000000111111111100000000011111111111111111100000000000011111111111111111100000000001111111111111111111110000000011111111110000000000000000000011111111100000000000111111
111111100000000000000000000000000000000000000000111111111100000000011111111111111111100000000000011111111111111111100000000001111111111111111111100000000011111111110000000000000000000011111111100000000000111111
111111100000000000000000000000000000000000000000111111111100000000011111111111111111100000000000011111111111111111100000000001111111111111111111100000000011111111110000000000000000000011111111100000000000111111
111111100000000000000000000000000000000000000000111111111100000000011111111111111111100000000000011111111111111111100000000001111111111111111111100000000011111111110000000000000000000011111111100000000000111111
111111100000000000000000000000000000000000000000111111111100000000011111111111111111100000000000011111111111111111100000000000111111111111111111100000000011111111110000000000000000000011111111100000000000111111
111111100000000000000000000000000000000000000000111111111000000000011111111111111111100000000000011111111111111111100000000000111111111111111111100000000011111111110000000000000000000011111111100000000000111111
111111100000000000000000000000000000000000000000111111110000000000011111111111111111100000000000011111111111111111100000000000111111111111111111100000000011111111110000000000000000000011111111100000000000111111
111111100000000000000000000000000000000000000000011111100000000000011111111111111111100000000000011111111111111111100000000000111111111111111111100000000011111111110000000000000000000011111111100000000000111111
111111100000000000000000000000000000000000000000000000000000000000011111111111111111100000000000011111111111111111000000000001111111111111111110000000000011111111110000000000000000000011111111100000000000111111
111111100000000000000000000000000000000000000000000000000000000000111111111111111111100000000000011111111111111110000000000011111111111111111110000000000011111111110000000000000000000011111111100000000000111111
111111100000000000000000000011111111111111111100000000000011111111111111111111111111100000000000011111111100000000011111111111111111110000000000000000000011111111110000000000011111111100000000000000000000111111
111111100000000000000000000011111111111111111100000000000011111111111111111111111111100000000000011111111100000000011111111111111111110000000000000000000011111111110000000000011111111100000000000000000000111111
111111100000000000000000000011111111111111111100000000000011111111111111111111111111100000000000011111111100000000011111111111111111110000000000000000000011111111110000000000011111111100000000000000000000111111
111111100000000000000000000011111111111111111100000000000011111111111111111111111111100000000000011111111100000000011111111111111111110000000000000000000011111111110000000000011111111100000000000000000000111111
111111100000000000000000000011111111111111111100000000000011111111111111111111111111100000000000011111111100000000011111111111111111110000000000000000000011111111110000000000011111111100000000000000000000111111
111111100000000000000000000011111111111111111100000000000011111111111111111111111111100000000000011111111100000000011111111111111111110000000000000000000011111111110000000000011111111100000000000000000000111111
111111110000000000000000000011111111111111111100000000000011111111111111111111111111100000000000011111111100000000011111111111111111110000000000000000000011111111110000000000011111111100000000000000000000111111
111111111000000000000000000001111111111111100000000000000011111111111111111111111111100000000000011111111000000000011111111111111111110000000000000000000011111111110000000000011111111100000000000000000001111111
111111111000000000000000000000111111111111100000000000000011111111111111111111111111100000000000011111110000000000011111111111111111110000000000000000000011111111100000000000011111111100000000000000000011111111
111111111111111100000000000000000000000000000000000000000000000000111111111110000000000000000000000000000011111110000000000011111111111111111110011111110000000000000000100111111111111110000000000000000111111111
111111111111111110000000000000000000000000000000000000000000000000011111111100000000000000000000000000000011111111000000000001111111111111111110011111111000000000000001100111111111111111000000000000001111111111
111111111111111110000000000000000000000000000000000000000000000000011111111100000000000000000000000000000011111111100000000001111111111111111111111111111100000000001111111111111111111111111111111111111111111111
111111111111111110000000000000000000000000000000000000000000000000011111111100000000000000000000000000000011111111100000000001111111111111111111111111111100000000001111111111111111111111111111111111111111111111
111111111111111110000000000000000000000000000000000000000000000000011111111100000000000000000000000000000011111111100000000000111111111111111111111111111100000000001111111111111111111111111111111111111111111111
111111111111111110000000000000000000000000000000000000000000000000011111111100000000000000000000000000000011111111100000000000111111111111111111111111111100000000001111111111111111111111111111111111111111111111
111111111111111110000000000000000000000000000000000000000000000000011111111100000000000000000000000000000011111111100000000000111111111111111111111111111100000000000111111111111111111111111111111111111111111111
111111111111111110000000000000000000000000000000000000000000000000011111111100000000000000000000000000000011111111100000000000111111111111111111111111111100000000000111111111111111111111111111111111111111111111
111111111111111110000000000000000000000000000000000000000000000000011111111100000000000000000000000000000011111110000000000000111111111111111111111111111100000000001111111111111111111111111111111111111111111111
111111111111111110000000000000000000000000000000000000000000000000111111111100000000000000000000000000000001111110000000000000011111111111111111111111111100000000001111111111111111111111111111111111111111111111
111111111111111111111111111111111111111111111111111111001111111111111111111100000000000000000000000000000000000000000000000000000000000000000000000000000000000000001111111111111100111111111111111111111111111111
111111111111111111111111111111111111111111111111111111111111111111111111111100000000000000000000000000000000000000000000000000000000000000000000000000000000000000011111111111111100011111111111111111111111111111
111111111111111111111111111111111111111111111111111111111111111111111111111100000000000000000000000000000000000000000000000000000000000000000000000000000011111111111111111110000000000011111111111111111111111111
111111111111111111111111111111111111111111111111111111111111111111111111111100000000000000000000000000000000000000000000000000000000000000000000000000000011111111111111111110000000000011111111111111111111111111
111111111111111111111111111111111111111111111111111111111111111111111111111100000000000000000000000000000000000000000000000000000000000000000000000000000011111111111111111110000000000011111111111111111111111111
111111111111111111111111111111111111111111111111111111111111111111111111111100000000000000000000000000000000000000000000000000000000000000000000000000000011111111111111111110000000000011111111111111111111111111
111111111111111111111111111111111111111111111111111111111111111111111111111100000000000000000000000000000000000000000000000000000000000000000000000000000011111111111111111110000000000011111111111111111111111111
111111111111111111111111111111111111111111111111111111111111111111111111111100000000000000000000000000000000000000000000000000000000000000000000000000000011111111111111111110000000000011111111111111111111111111
111111111111111111111111111111111111111111111111111111111111111111111111111100000000000000000000000000000000000000000000000000000000000000000000000000000011111111111111111110000000000011111111111111111111111111
000000000000000000000000000000000000000000000000000000000000000001111111111100000000000000000000000000000000000000000000000000000000000000000000000000000000111111111111111110000000000011111111111111111111111111
000000000000000000000000000000000000000000000000000000000000000001111111111100000000000000000000000000000000000000000000000000000000000000000000000000000000111111111111111110000000000011111111111111111111111111
000000000000000000000000000000000000000000000000000000000000000000011111111000000000000000000000000000000000000000000000000000000000000000000000000111110000000000000000000000000000000000000000011111111111111111
000000000000000000000000000000000000000000000000000000000000000000011111110000000000000000000000000000000000000000000000000000000000000000000000001111111000000000000000000000000000000000000000011111111111111111
000000000000000000000000000000000000000000000000000000000000000000011111110000000000000000000000000000000000000000000000000000000000000000000000011111111100000000000000000000000000000000000000011111111111111111
000000000000000000000000000000000000000000000000000000000000000000011111110000000000000000000000000000000000000000000000000000000000000000000000011111111100000000000000000000000000000000000000011111111111111111
000000000000000000000000000000000000000000000000000000000000000000011111110000000000000000000000000000000000000000000000000000000000000000000000011111111100000000000000000000000000000000000000011111111111111111
000000000000000000000000000000000000000000000000000000000000000000011111110000000000000000000000000000000000000000000000000000000000000000000000011111111100000000000000000000000000000000000000011111111111111111
000000000000000000000000000000000000000000000000000000000000000000011111110000000000000000000000000000000000000000000000000000000000000000000000011111110000000000000000000000000000000000000000011111111111111111
000000000000000000000000000000000000000000000000000000000000000000011111111000000000000000000000000000000000000000000000000000000000000000000000011111110000000000000000000000000000000000000000011111111111111111
000000000000000000000000000000000000000000000000000000000000000000011111111100000000000000000000000000000000000000000000000000000000000000000000011111110000000000000000000000000000000000000000011111111111111111
000000000011111111111111111111111111111111111111111110000000000000011111111111111110000000000000011110000000000000000000000000000000000000000000000000000000000000000000000000000000000000000000011111111111111111
000000000111111111111111111111111111111111111111111111000000000000011111111111111111000000000000011111000000000000000110000000000011000000011000000000000000000000000000000000000000000000000000011111111111111111
000000001111111111111111111111111111111111111111111111100000000000011111111111111111100000000000011111100000000000001111111111111111111111111100000000000001111111111111111111111111111111111111111111111111111111
000000011111111111111111111111111111111111111111111111110000000000011111111111111111100000000000011111110000000000011111111111111111111111111110000000000011111111111111111111111111111111111111111111111111111111
000000011111111111111111111111111111111111111111111111110000000000011111111111111111100000000000011111110000000000011111111111111111111111111110000000000011111111111111111111111111111111111111111111111111111111
000000011111111111111111111111111111111111111111111111110000000000011111111111111111100000000000111111110000000000011111111111111111111111111110000000000011111111111111111111111111111111111111111111111111111111
000000011111111111111111111111111111111111111111111111110000000000011111111111111111100000000001111111110000000000011111111111111111111111111110000000000011111111111111111111111111111111111111111111111111111111
000000011111111111111111111111111111111111111111111111110000000000011111111111111111100000000001111111110000000000011111111111111111111111111110000000000011111111111111111111111111111111111111111111111111111111
000000011111111111111111111111111111111111111111111111110000000000011111111111111111100000000000111111110000000000011111111111111111111111111110000000000011111111111111111111111111111111111111111111111111111111
000000011111111111111111111111111111111111111111111111110000000000011111111111111111100000000000011111110000000000001111111111111111111111111110000000000001111111111111111111111111111111111111111111111111111111
000000011111111110000000000000000000000000000011111111110000000000011111111111111111100000000000000000000000000000000000001111111111111111111110000000000000000001111111111111111111111111111111111111111111111111
000000011111111110000000000000000000000000000011111111110000000000011111111111111111110000000000000000000000000000000000000111111111111111111110000000000000000000111111111111111111111111111111111111111111111111
000000011111111110000000000000000000000000000011111111110000000000011111111111111111111111111110000000000000000000000000000011111111111111111110000000000000000000011111111111111111111111111111111111111111111111
000000011111111110000000000000000000000000000011111111110000000000011111111111111111111111111110000000000000000000000000000001111111111111111110000000000000000000001111111111111111111111111111111111111111111111
000000011111111110000000000000000000000000000011111111110000000000011111111111111111111111111110000000000000000000000000000001111111111111111110000000000000000000001111111111111111111111111111111111111111111111
000000011111111110000000000000000000000000000011111111110000000000011111111111111111111111111110000000000000000000000000000001111111111111111110000000000000000000001111111111111111111111111111111111111111111111
000000011111111110000000000000000000000000000011111111110000000000011111111111111111111111111110000000000000000000000000000001111111111111111110000000000000000000001111111111111111111111111111111111111111111111
000000011111111110000000000000000000000000000011111111110000000000011111111111111111111111111110000000000000000000000000000001111111111111111110000000000000000000001111111111111111111111111111111111111111111111
000000011111111110000000000000000000000000000011111111110000000000011111111111111111111111111110000000000000000000000000000001111111111111111110000000000000000000001111111111111111111111111111111111111111111111
000000011111111100000000000000000000000000000011111111110000000000011111111111100001111111111110000000000000000000000000000000111111111111111110000000000000000000000111111111111111111111111111111111111111111111
000000011111111000000000000000000000000000000011111111110000000000011111111111000000111111111110000000000000000000000000000000111111111111111110000000000000000000000111111111111111111111111111111111111111111111
000000011111111000000000000000000000000000000011111111110000000000011111111000000000011111111111111111111111111110000000000000000000000000000000000000000000000000000000000000000000000000000000000000000011111111
000000011111111000000000000000000000000000000011111111110000000000011111110000000000011111111111111111111111111110000000000000000000000000000000000000000000000000000000000000000000000000000000000000000001111111
000000011111111000000000000000000000000000000011111111110000000001111111110000000000011111111111111111111111111110000000000000000000000000000000000000000000000000000000000000000000000000000000000000000001111111
000000011111111000000000000000000000000000000011111111110000000001111111110000000000011111111111111111111111111110000000000000000000000000000000000000000000000000000000000000000000000000000000000000000001111111
000000011111111000000000000000000000000000000011111111110000000001111111110000000000011111111111111111111111111110000000000000000000000000000000000000000000000000000000000000000000000000000000000000000000111111
000000011111111000000000000000000000000000000011111111110000000001111111110000000000011111111111111111111111111110000000000000000000000000000000000000000000000000000000000000000000000000000000000000000000111111
000000011111111000000000000000000000000000000011111111110000000001111111110000000000011111111111111111111111111110000000000000000000000000000000000000000000000000000000000000000000000000000000000000000000111111
000000011111111000000000000000000000000000000011111111100000000001111111110000000000011111111111111111111111111110000000000000000000000000000000000000000000000000000000000000000000000000000000000000000000111111
000000011111111000000000000000000000000000000011111111000000000001111111110000000000011111111111111111111111111110000000000000000000000000000000000000000000000000000000000000000000000000000000000000000000111111
000000011111111000000000000000000000000000000011111111000000000001111111111000000000001111111111111111111111111110000000000000000000000000000000000000000000000000000000000000000000000000000000000000000000111111
000000011111111000000000000000000000000000000011111111000000000001111111111111111100000000000000000000000000000000000000000000000000000000000000000000000000000000000000000000000000000000000000000000000000111111
000000011111111000000000000000000000000000000011111111000000000001111111111111111100000000000000000000000000000000000000000000000000000000000000000000000000000000000000000000000000000000000000000000000000111111
000000011111111000000000000000000000000000000011111111000000000001111111111111111111000000000000000000000000000000000000000001111111111111111111111111110000000000000111111110000000000011111110000000000000111111
000000011111111000000000000000000000000000000011111111000000000001111111111111111111000000000000000000000000000000000000000001111111111111111111111111110000000000001111111110000000000011111110000000000000111111
000000011111111000000000000000000000000000000011111111000000000001111111111111111111000000000000000000000000000000000000000001111111111111111111111111110000000000001111111110000000000011111110000000000000111111
000000011111111000000000000000000000000000000011111111000000000001111111111111111111000000000000000000000000000000000000000001111111111111111111111111110000000000001111111110000000000011111111100000000000111111
000000011111111000000000000000000000000000000011111111000000000001111111111111111111000000000000000000000000000000000000000001111111111111111111111111110000000000001111111110000000000011111111100000000000111111
000000011111111000000000000000000000000000000011111111000000000001111111111111111111000000000000000000000000000000000000000001111111111111111111111111110000000000001111111110000000000011111111000000000000111111
000000011111111000000000000000000000000000000011111111000000000001111111111111111110000000000000000000000000000000000000000001111111111111111111111111111000000000001111111110000000000011111111000000000000111111
000000011111111111111111111111111111100001111111111111000000000001111111111000000000000000000000000000000000000000000000000000000001111111111111111111111100000000001111111110000000000011111111100000000001111111
000000011111111111111111111111111111100001111111111111000000000001111111110000000000000000000000000000000000000000000000000000000000111111111111111111111100000000011111111110000000000011111111100000000011111111
000000011111111111111111111111111111111111111111111111000000000001111111110000000000001111111111111111110000000000001111110000000000011111111111111111111111111111111111111111111111111111111111111000011111111111
000000011111111111111111111111111111111111111111111111000000000001111111110000000000011111111111111111110000000000011111111000000000001111111111111111111111111111111111111111111111111111111111111000011111111111
000000011111111111111111111111111111111111111111111111000000000001111111110000000000011111111111111111110000000000011111111000000000001111111111111111111111111111111111111111111111111111111111111111111111111111
000000011111111111111111111111111111111111111111111111000000000001111111110000000000011111111111111111110000000000011111111000000000001111111111111111111111111111111111111111111111111111111111111111111111111111
000000011111111111111111111111111111111111111111111111000000000001111111110000000000011111111111111111110000000000011111111000000000001111111111111111111111111111111111111111111111111111111111111111111111111111
000000011111111111111111111111111111111111111111111111000000000001111111110000000000011111111111111111110000000000011111111000000000001111111111111111111111111111111111111111111111111111111111111111111111111111
000000011111111111111111111111111111111111111111111111000000000001111111110000000000011111111111111111110000000000011111111000000000001111111111111111111111111111111111111111111111111111111111111111111111111111
000000001111111111111111111111111111111111111111111110000000000001111111110000000000001111111111111111110000000000011111111000000000001111111111111111111111111111111111111111111111111111111111111111111111111111
000000000000000000000000000000000000000000000000000000000000000001111111110000000000000000000111111111110000000000011111111000000000000011111111111111111111111111111111111111111111111111111111111111111111111111
000000000000000000000000000000000000000000000000000000000000000001111111110000000000000000000011111111111000000000111111111100000000000001111111111111111111111111111111111111111111111111111111111111111111111111
000000000000000000000000000000000000000000000000000000000000000001111111110000000000000000000001111111111111111111111111111111110011000000000000000000001111111111110000000001111111111100000001111111111111111111
000000000000000000000000000000000000000000000000000000000000000001111111110000000000000000000001111111111111111111111111111111111111000000000000000000000111111111000000000001111111111000000000111111111111111111
000000000000000000000000000000000000000000000000000000000000000001111111110000000000000000000001111111111111111111111111111111111111000000000000000000000011111111000000000001111111110000000000011111111111111111
000000000000000000000000000000000000000000000000000000000000000001111111110000000000000000000001111111111111111111111111111111111111000000000000000000000011111111000000000001111111110000000000011111111111111111
000000000000000000000000000000000000000000000000000000000000000001111111110000000000000000000001111111111111111111111111111111111111000000000000000000000011111111000000000001111111110000000000011111111111111111
000000000000000000000000000000000000000000000000000000000000000001111111110000000000000000000001111111111111111111111111111111111111000000000000000000000011111111000000000001111111110000000000011111111111111111
000000000000000000000000000000000000000000000000000000000000000001111111110000000000000000000001111111111111111111111111111111111111000000000000000000000011111111000000000001111111110000000000011111111111111111
000000000000000000000000000000000000000000000000000000000000000001111111110000000000000000000001111111111111111111111111111111111111000000000000000000000011111111000000000001111111110000000000011111111111111111
000000000000000000000000000000000000000000000000000000000000000001111111110000000000000000000001111111111111111111111111111111111111000000000000000000000011111111000000000001111111110000000000011111111111111111
